# generated by Slic3r 1.3.1-dev on 
bed_shape = 54.6987x5.74906,53.7981x11.4351,52.3081x16.9959,50.245x22.3705,47.6314x27.5,44.4959x32.3282,40.873x36.8022,36.8022x40.873,32.3282x44.4959,27.5x47.6314,22.3705x50.245,16.9959x52.3081,11.4351x53.7981,5.74906x54.6987,0x55,-5.74906x54.6987,-11.4351x53.7981,-16.9959x52.3081,-22.3705x50.245,-27.5x47.6314,-32.3282x44.4959,-36.8022x40.873,-40.873x36.8022,-44.4959x32.3282,-47.6314x27.5,-50.245x22.3705,-52.3081x16.9959,-53.7981x11.4351,-54.6987x5.74906,-55x0,-54.6987x-5.74906,-53.7981x-11.4351,-52.3081x-16.9959,-50.245x-22.3705,-47.6314x-27.5,-44.4959x-32.3282,-40.873x-36.8022,-36.8022x-40.873,-32.3282x-44.4959,-27.5x-47.6314,-22.3705x-50.245,-16.9959x-52.3081,-11.4351x-53.7981,-5.74906x-54.6987,0x-55,5.74906x-54.6987,11.4351x-53.7981,16.9959x-52.3081,22.3705x-50.245,27.5x-47.6314,32.3282x-44.4959,36.8022x-40.873,40.873x-36.8022,44.4959x-32.3282,47.6314x-27.5,50.245x-22.3705,52.3081x-16.9959,53.7981x-11.4351,54.6987x-5.74906,55x0
before_layer_gcode = 
between_objects_gcode = 
end_gcode = M104 S0 ; Turn off hotend\nM140 S0 ; Turn off bed\nG91 ; Relative extruder\nG1 Z10 E-5 F18000\nG90 ; Absolute extruder\nG28 ; Home axes\nM84\nM120 S4 P10\nG4 P40\nM117 Print finished, wait to cool\n
extruder_offset = 0x0
gcode_flavor = reprap
has_heatbed = 1
host_type = octoprint
layer_gcode = 
max_layer_height = 0.25
min_layer_height = 0.1
nozzle_diameter = 0.4
octoprint_apikey = 
pressure_advance = 0
print_host = 192.168.1.160
printer_notes = 
printer_settings_id = 
retract_before_travel = 2
retract_layer_change = 0
retract_length = 3
retract_length_toolchange = 10
retract_lift = 1
retract_lift_above = 0
retract_lift_below = 0
retract_restart_extra = 0
retract_restart_extra_toolchange = 0
retract_speed = 25
serial_port = COM4
serial_speed = 115200
start_gcode = G28 ; home all axes\nM104 S170\nM190 S[first_layer_bed_temperature]\nM109 S[first_layer_temperature]\nG21        ;metric values\nG90        ;absolute positioning\nM82        ;set extruder to absolute mode\nM107       ;start with the fan off\nG28\nG29 C-0.8 Z0.3\nG1 Z15.0 F3000 ;move the platform down 15mm\nG92 E0                  ;zero the extruded length\nG1 F200 E3              ;extrude 3mm of feed stock\nG92 E0                  ;zero the extruded length again\nG1 F3000\nM117 Printing...
toolchange_gcode = 
use_firmware_retraction = 0
use_relative_e_distances = 0
use_set_and_wait_bed = 0
use_set_and_wait_extruder = 0
use_volumetric_e = 0
vibration_limit = 0
wipe = 0
z_offset = 0
z_steps_per_mm = 0
